[main4.jpg]
filters=finetune2=1,0.000000,0.000000,0.000000,00000000,-0.356725;PicnikTint=1,9.356726,ffeeefe7;Soften=1,99.763748,38.011696;finetune2=1,0.000000,0.000000,0.000000,00000000,0.005848;
moddate=0000e8b153d20000
width=5184
height=3456
textactive=0
